0 * * * * /usr/bin/perl /eniq/mediation_inter/M_E_DVTP/bin/EPGCleanup.pl -n -R -t 10800 &> /dev/null
0,1,2,3,4,5,6,7,8,9,10,11,12,13,14,15,16,17,18,19,20,21,22,23,24,25,26,27,28,29,30,31,32,33,34,35,36,37,38,39,40,41,42,43,44,45,46,47,48,49,50,51,52,53,54,55,56,57,58,59 * * * *  /eniq/mediation_inter/M_E_DVTP/bin/create_epg_symlink.py 00 00 &> /dev/null
0,1,2,3,4,5,6,7,8,9,10,11,12,13,14,15,16,17,18,19,20,21,22,23,24,25,26,27,28,29,30,31,32,33,34,35,36,37,38,39,40,41,42,43,44,45,46,47,48,49,50,51,52,53,54,55,56,57,58,59 * * * *  /eniq/mediation_inter/M_E_DVTP/bin/create_epg_symlink.py 00 01 &> /dev/null
0,1,2,3,4,5,6,7,8,9,10,11,12,13,14,15,16,17,18,19,20,21,22,23,24,25,26,27,28,29,30,31,32,33,34,35,36,37,38,39,40,41,42,43,44,45,46,47,48,49,50,51,52,53,54,55,56,57,58,59 * * * *  /eniq/mediation_inter/M_E_DVTP/bin/create_epg_symlink.py 00 02 &> /dev/null
0,1,2,3,4,5,6,7,8,9,10,11,12,13,14,15,16,17,18,19,20,21,22,23,24,25,26,27,28,29,30,31,32,33,34,35,36,37,38,39,40,41,42,43,44,45,46,47,48,49,50,51,52,53,54,55,56,57,58,59 * * * *  /eniq/mediation_inter/M_E_DVTP/bin/create_epg_symlink.py 00 03 &> /dev/null
0,1,2,3,4,5,6,7,8,9,10,11,12,13,14,15,16,17,18,19,20,21,22,23,24,25,26,27,28,29,30,31,32,33,34,35,36,37,38,39,40,41,42,43,44,45,46,47,48,49,50,51,52,53,54,55,56,57,58,59 * * * *  /eniq/mediation_inter/M_E_DVTP/bin/create_epg_symlink.py 01 04 &> /dev/null
0,1,2,3,4,5,6,7,8,9,10,11,12,13,14,15,16,17,18,19,20,21,22,23,24,25,26,27,28,29,30,31,32,33,34,35,36,37,38,39,40,41,42,43,44,45,46,47,48,49,50,51,52,53,54,55,56,57,58,59 * * * *  /eniq/mediation_inter/M_E_DVTP/bin/create_epg_symlink.py 01 05 &> /dev/null
0,1,2,3,4,5,6,7,8,9,10,11,12,13,14,15,16,17,18,19,20,21,22,23,24,25,26,27,28,29,30,31,32,33,34,35,36,37,38,39,40,41,42,43,44,45,46,47,48,49,50,51,52,53,54,55,56,57,58,59 * * * *  /eniq/mediation_inter/M_E_DVTP/bin/create_epg_symlink.py 01 06 &> /dev/null
0,1,2,3,4,5,6,7,8,9,10,11,12,13,14,15,16,17,18,19,20,21,22,23,24,25,26,27,28,29,30,31,32,33,34,35,36,37,38,39,40,41,42,43,44,45,46,47,48,49,50,51,52,53,54,55,56,57,58,59 * * * *  /eniq/mediation_inter/M_E_DVTP/bin/create_epg_symlink.py 01 07 &> /dev/null
0,1,2,3,4,5,6,7,8,9,10,11,12,13,14,15,16,17,18,19,20,21,22,23,24,25,26,27,28,29,30,31,32,33,34,35,36,37,38,39,40,41,42,43,44,45,46,47,48,49,50,51,52,53,54,55,56,57,58,59 * * * *  /eniq/mediation_inter/M_E_DVTP/bin/create_epg_symlink.py 02 08 &> /dev/null
0,1,2,3,4,5,6,7,8,9,10,11,12,13,14,15,16,17,18,19,20,21,22,23,24,25,26,27,28,29,30,31,32,33,34,35,36,37,38,39,40,41,42,43,44,45,46,47,48,49,50,51,52,53,54,55,56,57,58,59 * * * *  /eniq/mediation_inter/M_E_DVTP/bin/create_epg_symlink.py 02 09 &> /dev/null
0,1,2,3,4,5,6,7,8,9,10,11,12,13,14,15,16,17,18,19,20,21,22,23,24,25,26,27,28,29,30,31,32,33,34,35,36,37,38,39,40,41,42,43,44,45,46,47,48,49,50,51,52,53,54,55,56,57,58,59 * * * *  /eniq/mediation_inter/M_E_DVTP/bin/create_epg_symlink.py 02 10 &> /dev/null
0,1,2,3,4,5,6,7,8,9,10,11,12,13,14,15,16,17,18,19,20,21,22,23,24,25,26,27,28,29,30,31,32,33,34,35,36,37,38,39,40,41,42,43,44,45,46,47,48,49,50,51,52,53,54,55,56,57,58,59 * * * *  /eniq/mediation_inter/M_E_DVTP/bin/create_epg_symlink.py 02 11 &> /dev/null
0,1,2,3,4,5,6,7,8,9,10,11,12,13,14,15,16,17,18,19,20,21,22,23,24,25,26,27,28,29,30,31,32,33,34,35,36,37,38,39,40,41,42,43,44,45,46,47,48,49,50,51,52,53,54,55,56,57,58,59 * * * *  /eniq/mediation_inter/M_E_DVTP/bin/create_epg_symlink.py 03 12 &> /dev/null
0,1,2,3,4,5,6,7,8,9,10,11,12,13,14,15,16,17,18,19,20,21,22,23,24,25,26,27,28,29,30,31,32,33,34,35,36,37,38,39,40,41,42,43,44,45,46,47,48,49,50,51,52,53,54,55,56,57,58,59 * * * *  /eniq/mediation_inter/M_E_DVTP/bin/create_epg_symlink.py 03 13 &> /dev/null
0,1,2,3,4,5,6,7,8,9,10,11,12,13,14,15,16,17,18,19,20,21,22,23,24,25,26,27,28,29,30,31,32,33,34,35,36,37,38,39,40,41,42,43,44,45,46,47,48,49,50,51,52,53,54,55,56,57,58,59 * * * *  /eniq/mediation_inter/M_E_DVTP/bin/create_epg_symlink.py 03 14 &> /dev/null
0,1,2,3,4,5,6,7,8,9,10,11,12,13,14,15,16,17,18,19,20,21,22,23,24,25,26,27,28,29,30,31,32,33,34,35,36,37,38,39,40,41,42,43,44,45,46,47,48,49,50,51,52,53,54,55,56,57,58,59 * * * *  /eniq/mediation_inter/M_E_DVTP/bin/create_epg_symlink.py 03 15 &> /dev/null

#DVTP
* * * * *  bash /eniq/home/dcuser/dvtp_Datagen_stream/Manage_stream_Datagen.bsh -s 3 -l /eniq/home/dcuser/dvtp_Datagen_stream/ >>  /dev/null 2>&1


